Time 0
Waiting clients: (13,1,1);(15,1,1);(1,2,2);(8,2,2);(12,2,2);(14,2,2);(16,2,1);(2,3,1);(7,3,3);(18,3,3);(4,4,2);(6,4,3);(11,4,3);(20,4,2);(3,5,3);(9,5,1);(10,5,1);(19,6,3);(5,7,3);(17,8,1);(21,8,3);
Queue 1: closed
Queue 2: closed
Queue 3: closed

Time 1
Waiting clients: (1,2,2);(8,2,2);(12,2,2);(14,2,2);(16,2,1);(2,3,1);(7,3,3);(18,3,3);(4,4,2);(6,4,3);(11,4,3);(20,4,2);(3,5,3);(9,5,1);(10,5,1);(19,6,3);(5,7,3);(17,8,1);(21,8,3);
Queue 1: (13,1,1);
Queue 2: (15,1,1);
Queue 3: closed

Time 2
Waiting clients: (2,3,1);(7,3,3);(18,3,3);(4,4,2);(6,4,3);(11,4,3);(20,4,2);(3,5,3);(9,5,1);(10,5,1);(19,6,3);(5,7,3);(17,8,1);(21,8,3);
Queue 1: (1,2,2);(14,2,2);
Queue 2: (8,2,2);(16,2,1);
Queue 3: (12,2,2);

Time 3
Waiting clients: (4,4,2);(6,4,3);(11,4,3);(20,4,2);(3,5,3);(9,5,1);(10,5,1);(19,6,3);(5,7,3);(17,8,1);(21,8,3);
Queue 1: (1,2,1);(14,2,2);(7,3,3);
Queue 2: (8,2,1);(16,2,1);(18,3,3);
Queue 3: (12,2,1);(2,3,1);

Time 4
Waiting clients: (3,5,3);(9,5,1);(10,5,1);(19,6,3);(5,7,3);(17,8,1);(21,8,3);
Queue 1: (14,2,2);(7,3,3);(6,4,3);
Queue 2: (16,2,1);(18,3,3);(11,4,3);
Queue 3: (2,3,1);(4,4,2);(20,4,2);

Time 5
Waiting clients: (19,6,3);(5,7,3);(17,8,1);(21,8,3);
Queue 1: (14,2,1);(7,3,3);(6,4,3);(10,5,1);
Queue 2: (18,3,3);(11,4,3);(3,5,3);
Queue 3: (4,4,2);(20,4,2);(9,5,1);

Time 6
Waiting clients: (5,7,3);(17,8,1);(21,8,3);
Queue 1: (7,3,3);(6,4,3);(10,5,1);(19,6,3);
Queue 2: (18,3,2);(11,4,3);(3,5,3);
Queue 3: (4,4,1);(20,4,2);(9,5,1);


Average service time: 2.0476190476190474

Average waiting time: 5.113001659994141

Peak hour: 5
